5024
150
-5012
-2706
2472
3584
-750
-2587
1517
3576
849
-1812
-1362
-29
-492
-909
426
3158
1446
-2929
-2444
2079
2415
-2158
-4721
-140
5194
3284
-2485
-3844
992
2929
-793
-3699
-1176
2574
2292
-430
66
757
-365
-2498
-1314
2063
2420
-1333
-2288
1381
4560
616
-5045
-3239
2736
4164
-574
-2815
511
3315
1475
-3173
-2501
-109
868
-613
-142
2023
1605
-1321
-1980
331
2250
-1409
-4070
-304
4718
3419
-2481
-4139
550
3857
-158
-4149
-1728
2911
3571
-794
-1921
-483
258
-1402
-1587
477
2025
-569
-1772
994
3200
645
-4247
-3511
1902
4277
-502
-3864
-210
4479
2370
-2430
-4260
641
2501
217
-1027
807
1795
-201
-2490
-16
1700
-573
-3332
-538
3919
3353
-2156
-4712
-196
4329
374
-4367
-3227
3328
4774
-230
-2790
-790
1936
330
-1912
-423
1801
890
-1083
156
2581
525
-3595
-3235
1936
4318
336
-3236
-820
3856
2626
-2855
-4595
-131
3682
1245
-1257
-234
1888
1891
-1175
-1563
62
469
-1747
-780
3191
3284
-1834
-3970
-761
4002
1207
-4382
-2392
3371
5151
106
-4048
-2014
1963
787
-1636
-2294
1985
2318
53
-227
1057
548
-2543
-3151
1155
3919
465
-3418
-778
3587
2847
-3297
-4974
469
4110
2174
-2546
-1585
2336
2325
-1072
-3196
-545
1094
-449
-418
1533
2537
-300
-3536
-932
2844
1452
-3376
-2611
2720
5102
867
-4625
-2802
2199
2620
-1958
-3274
959
3664
1268
-794
-436
445
-891
-2603
451
3469
962
-2036
-1445
3235
2745
-2136
-5416
-796
4490
3230
-2515
-2358
1825
3258
-614
-4232
-1070
1954
1696
-580
410
1643
716
-2566
-1825
1909
1864
-2564
-3092
2144
5111
825
-4319
-3073
2140
3065
-1895
-3672
517
4015
2559
-1768
-2294
467
49
-1153
-1609
2011
1616
-1410
-1507
2215
2534
-2274
-4856
-649
4144
2918
-1711
-3670
1233
4407
-131
-4448
-2744
2136
2539
-239
-1455
1579
1250
-2331
-2114
25
1952
-1213
-1810
1718
4262
978
-4168
-3467
2143
3676
-870
-4461
87
4095
3137
-2441
-3594
-374
1682
-539
-1713
583
2238
787
-1160
408
1522
-1542
-4348
-1427
3724
3157
-1828
-4301
982
4071
165
-5229
-3752
2819
3935
253
-1822
82
2383
-181
-2407
-1414
1154
208
-1369
421
3205
945
-3296
-3613
1490
3380
-841
-4168
-294
4536
4397
-2139
-4357
-149
2611
387
-2557
-901
2376
1915
-793
-511
1053
-166
-2442
-1211
2513
3251
-1046
-3335
174
4059
622
-4472
-3640
1994
4245
735
-2727
-559
2465
1050
-2779
-2869
684
1579
195
203
1947
1014
-2321
-3059
673
3553
25
-3675
-758
4407
4123
-2614
-5067
-545
3645
1597
-2207
-1547
2441
3189
-451
-2219
-190
366
-870
-759
2301
2765
-378
-2655
-94
3553
447
-3771
-3636
2423
5202
196
-4022
-1749
2331
2303
-2409
-3383
1010
2825
1170
-212
699
815
-1200
-2716
-484
2114
936
-2838
-1019
3793
3619
-2272
-5613
-1404
4002
1442
-2970
-2943
2370
4245
-307
-3168
-1326
1053
307
-1565
258
2672
786
-2154
-663
2061
1300
-3006
-3967
1777
5920
1076
-3395
-1886
2634
2612
-2291
-4672
270
4266
2185
-643
-790
821
145
-2405
-814
1388
1203
-1465
-821
2403
3551
-1663
-4752
-1906
3836
2345
-3078
-2743
2680
4382
384
-4231
-2573
1739
1251
-958
-1162
1315
1816
-712
-931
626
1020
-1871
-2927
1316
4666
1653
-3667
-3070
2784
3763
-2096
-4869
-365
4305
3311
-1750
-2844
833
1787
-1251
-2141
32
2178
122
-874
1668
2007
-538
-4336
-1761
3075
2764
-1967
-3150
2127
4870
538
-4971
-3127
2181
2967
-631
-2291
264
2731
369
-1687
-695
533
-611
-2473
1252
3753
2007
-2639
-2765
1807
2932
-1459
-4776
-818
4899
3936
-1832
-3686
580
2342
-983
-2962
-261
2444
1872
-467
190
1394
126
-3626
-2315
1961
2810
-1472
-3299
1719
4782
1117
-5101
-4195
2126
3869
-399
-3022
-54
3137
1876
-2100
-2123
459
711
-637
508
2467
2135
-1527
-2735
1057
2412
-1010
-4385
-933
4528
4257
-2094
-4250
-31
3372
355
-3993
-1603
1865
3223
-425
-1385
915
66
-1982
-2148
1327
2414
-318
-2785
1088
4172
1271
-4389
-4061
1600
4786
144
-3223
-383
3774
2725
-2758
-3717
-248
1707
586
-687
1152
1649
-603
-2000
195
2352
-94
-3556
-1489
4523
4312
-1782
-4135
-641
3762
1034
-3887
-2884
2299
3826
414
-2227
1
782
-793
-1676
-151
2122
570
-1125
620
2861
1454
-3736
-4236
858
4215
683
-3469
-1162
3739
2929
-2521
-4857
-924
2884
927
-1548
-653
2097
1068
-1943
-1197
895
266
-2230
-1184
3457
3974
-1231
-4248
-564
3588
2342
-3822
-3533
2220
5333
681
-3663
-1690
1422
607
-2101
-1480
1227
2063
-307
-218
1884
1067
-2870
-3668
767
4180
1650
-3234
-1435
3337
3550
-2183
-4718
-899
3749
2475
-2002
-1825
1515
2126
-815
-2507
-656
988
-1122
-961
2300
3033
-399
-3770
-1113
2869
1629
-2999
-3504
1777
5043
1195
-3732
-3122
1846
2035
-1239
-2800
1084
3048
1069
-1212
68
453
-1314
-3030
230
3325
1857
-2763
-2239
2894
3943
-1784
-5722
-1983
3926
3203
-1991
-2622
1270
3160
-349
-2865
-1372
1423
637
-182
1034
2650
516
-2573
-2108
1750
2125
-2190
-3561
1863
5211
997
-4717
-3613
1680
3191
-1085
-3301
266
4212
1990
-1322
-2012
-170
-589
-2107
-345
2569
1892
-1277
-2003
2470
2908
-1541
-5061
-1502
4653
3544
-1215
-3267
656
3680
-28
-4109
-2341
1903
2406
-7
-377
1741
526
-1827
-2002
926
1967
-1473
-2720
1510
4929
1967
-3869
-4163
1487
3812
-718
-4432
-924
4541
3647
-1235
-2863
178
1483
-1167
-1527
413
2348
147
-1660
608
2202
-918
-4924
-1867
3555
4275
-1712
-3584
291
4387
577
-3797
-3529
1435
3662
94
-1357
472
1534
-459
-2398
-571
1003
-257
-2112
88
4102
2378
-3591
-3940
860
3323
-366
-3998
-1081
4826
3617
-1929
-4347
-741
2626
325
-1570
7
2324
1282
-1196
-110
1106
-798
-3323
-1847
3178
3780
-681
-3405
-558
4110
1456
-3864
-4498
1862
4799
356
-2976
-1178
2583
492
-2202
-1611
1071
1115
-355
-301
3033
1469
-2463
-3828
391
3386
256
-3947
-1118
4634
3781
-1346
-5251
-1157
3228
1509
-2184
-1262
2081
2557
-251
-1956
-90
693
-1599
-1253
2055
3368
-92
-3713
-881
3760
1316
-4156
-4091
1872
5538
1352
-3562
-1564
2543
1777
-2150
-2849
302
2115
908
-167
855
1845
-1375
-2602
-231
2945
578
-2693
-1715
3941
4372
-1666
-5419
-1829
2992
2382
-2266
-2278
2044
3417
513
-2822
-945
310
-292
-1420
865
2954
1068
-2574
-1105
2446
1580
-3042
-3755
981
5355
1901
-3442
-2767
2401
3411
-1926
-4895
-414
3195
2128
-1461
-402
1448
-100
-2519
-1102
1233
1292
-1930
-1610
2787
3744
-1190
-4823
-2018
4131
2728
-2232
-2969
1943
4332
1003
-3621
-3213
1021
1299
-1304
-441
1728
1746
-1140
-1592
959
1595
-2664
-3779
1028
5265
2110
-3172
-3349
2171
3231
-1783
-4744
-667
3853
3073
-1316
-1779
666
941
-1691
-1793
712
1214
-574
-943
1968
2930
-428
-4366
-2275
2938
3115
-1557
-3676
1805
5153
994
-4099
-3791
1021
2350
-804
-1356
911
2505
22
-1807
-35
467
-1212
-2657
536
4202
2356
-2767
-3163
1829
3494
-1061
-5079
-1602
4198
3720
-1008
-3454
410
2486
-302
-2819
-1022
2215
1364
-691
843
1911
1
-3185
-2290
3005
3018
-1707
-3082
990
4492
1830
-4531
-4410
1181
4091
498
-2516
-133
2155
1105
-2064
-2122
341
142
-1661
-59
3286
2692
-1988
-3161
1240
2989
-622
-4994
-2157
4411
4422
-1055
-4030
-623
3004
1399
-3060
-1703
1534
2487
-393
-1076
861
-61
-2144
-2434
1418
3347
-109
-2750
383
4280
2001
-4697
-4145
307
4735
855
-3140
-1197
3373
2730
-2108
-3212
126
1568
-852
-591
1919
2343
-883
-2495
875
2584
367
-3742
-1546
4197
4506
-836
-4802
-889
4092
1577
-3223
-2795
1438
4120
365
-2513
-650
455
-893
-2195
-45
2188
843
-2520
-378
3607
1592
-3948
-4349
1033
4290
1116
-3356
-2319
2944
3139
-1974
-4651
-1147
2277
1252
-1437
552
2270
223
-1904
-830
1965
374
-1951
-1688
3369
4571
-629
-4672
-1765
2996
2005
-2947
-3531
1477
4631
957
-2463
-1976
1440
421
-1923
-1232
1616
1179
-400
-954
2641
1906
-3246
-4917
149
4451
1477
-3009
-2513
3307
4311
-1287
-5517
-1894
3123
2544
-944
-1522
1430
1350
-1064
-1590
851
846
-1592
-957
2290
3749
59
-3963
-1745
2465
2429
-2543
-3580
1442
4992
2087
-3116
-3431
859
1435
-1372
-2296
820
2028
143
-463
863
974
-1863
-3381
128
4552
1710
-3114
-2274
2341
4341
-1284
-5480
-1858
3404
3259
-859
-2179
1138
2902
-847
-2390
-1208
1344
507
-1062
1173
2749
392
-3730
-2093
2299
1842
-2613
-3769
1196
5568
2333
-3149
-3706
798
3142
-1271
-3068
18
2956
2102
-1539
-1120
595
-646
-2364
-645
2674
2359
-1710
-2374
1539
3446
-1092
-5459
-2516
3281
3928
-1112
-3464
821
3589
41
-3009
-2368
1641
1626
-209
-228
1597
1063
-2579
-2125
911
2215
-1576
-3133
791
5163
2218
-3759
-4065
1169
3731
-40
-3557
-1235
3079
2778
-870
-2406
-342
836
-1257
-1208
1109
2669
-347
-1894
510
3206
-113
-4861
-2370
3484
4438
-584
-3708
22
4043
1337
-3739
-3265
1438
3651
657
-881
238
1328
-576
-2160
-539
1466
-337
-2473
887
4330
2254
-2559
-4429
963
3757
750
-4398
-1457
3777
3755
-1683
-3737
-902
1870
-71
-1641
265
2450
554
-1695
544
1729
-2
-3707
-2421
2804
4708
-420
-3728
-649
3824
2020
-3653
-4035
889
4449
753
-1777
-1071
1716
1001
-2028
-1891
1134
531
-1410
130
2931
2222
-2959
-4265
-34
3231
590
-3776
-2258
3780
4531
-1948
-4376
-1650
2755
1618
-2330
-1352
1995
2467
-806
-1122
546
129
-2742
-1742
2131
3857
90
-3247
-1289
3558
2387
-3507
-5002
1039
5412
1685
-2663
-2224
1839
1687
-2039
-2707
431
1633
131
-495
1895
2013
-1334
-3480
-576
2731
1126
-2985
-1991
3409
4327
-1309
-5037
-2314
3443
2242
-1762
-2488
1418
3341
307
-2253
-785
1283
-1057
-2002
786
3577
1212
-2717
-1346
2622
2422
-3265
-4395
1113
5741
2252
-2869
-2875
2284
3111
-1699
-3454
-107
2953
1934
-293
-56
2032
-791
-2363
-551
2273
1682
-2507
-1573
3503
4275
-844
-4907
-2569
3068
3077
-1577
-2873
1316
4102
1484
-3116
-2629
726
404
-1039
2
2807
1340
-1545
-1778
1762
2135
-2078
-4075
453
5121
2490
-3024
-3373
1953
3132
-684
-4599
-1417
3343
2420
-860
-1449
851
1149
-1659
-1813
1004
1398
-342
-1923
2053
3590
-379
-4599
-2721
3194
3603
-1501
-3781
1168
4704
1190
-3723
-3146
1029
2105
-230
-1416
1073
2563
-537
-1620
-36
1431
-1969
-3282
7
4451
2558
-2787
-3725
1300
3695
-567
-4973
-2054
4146
4503
-853
-2387
440
1420
-981
-2401
-298
961
339
-780
805
2517
-329
-3672
-2765
2256
3696
-800
-3528
242
4765
1895
-3596
-4697
563
3598
492
-1580
-62
1977
939
-2315
-1121
692
-320
-2376
-300
3625
2607
-1089
-3242
126
3308
-33
-4872
-2241
3987
4700
-458
-3985
-743
2469
495
-2975
-1713
1253
1586
-467
-123
1446
326
-2820
-2571
1977
3842
-483
-3199
-121
4463
2339
-3656
-5073
504
4678
797
-3294
-1199
3038
2673
-1587
-2833
-460
268
-636
-724
2354
2784
-933
-2783
-430
2491
68
-4024
-2813
3892
4832
-171
-3924
-1379
2807
1174
-2825
-3008
1260
2900
810
-1121
-203
790
-1539
-2305
748
2914
726
-2539
-130
3513
2854
-3910
-5123
152
4423
1969
-3198
-2130
2781
3241
-1346
-3750
-1427
1528
930
-1004
285
1577
79
-2292
-1375
1583
1036
-2638
-2243
2889
5314
108
-4641
-1732
2752
1966
-2468
-3203
891
4303
1319
-2251
-1336
558
237
-1457
-643
1803
1816
-1261
-721
2704
2597
-2812
-4580
-477
4582
2918
-2965
-2557
2615
3968
-1108
-4806
-1959
1831
2689
-791
-725
1578
1545
-1258
-2061
247
944
-1803
-1388
2539
4341
743
-4352
-2451
2537
2385
-2442
-4029
870
4887
2259
-3099
-3211
998
1731
-1076
-1776
1404
2614
8
-1107
1001
1591
-2048
-3575
-443
3723
2104
-2511
-2812
2411
4315
-863
-5394
-2818
2909
2903
-527
-1986
841
2497
-735
-2370
-749
1232
-435
-1223
1264
3557
501
-3640
-2665
2028
2980
-1680
-4787
628
5814
2911
-3519
-3871
684
2595
-559
-2520
-130
2919
1921
-431
-126
466
-789
-3328
-767
2649
3031
-1489
-2389
1348
3902
-160
-5458
-2836
3122
4178
-515
-3089
-68
3343
683
-2838
-2321
793
1228
-250
918
2954
1143
-2755
-2963
1482
2530
-521
-3900
327
5253
3006
-2990
-4462
647
3435
561
-3691
-429
3040
2366
-787
-2086
-115
84
-1445
-1078
2097
2693
-738
-2179
853
3372
109
-4789
-2653
3339
4466
193
-4365
-190
3312
1203
-3556
-3260
571
2812
496
-506
805
1995
-1937
-2455
525
1679
-150
-3377
188
4245
3100
-3099
-4755
566
4145
511
-3604
-1548
3458
4117
-814
-3429
-742
1241
-626
-1303
268
2346
465
-1514
-31
2258
265
-4015
-3241
2543
5275
666
-3936
-1050
3987
2092
-3015
-3941
318
3688
1238
-1808
-403
1193
-45
-2244
-986
1393
190
-1687
-1041
3337
3040
-2036
-4945
-363
4070
536
-3339
-2367
2616
4498
-174
-4559
-2268
1245
703
-871
-819
2095
1918
-1154
-1245
1397
458
-3479
-3191
1760
4352
517
-3123
-1558
3123
2658
-3330
-4626
356
5294
1838
-2234
-1357
1180
965
-1742
-2268
-93
1357
16
-480
1953
2398
-2262
-3997
-931
3255
1563
-3140
-2813
2991
4876
-15
-5207
-2373
2429
2219
-1519
-2457
1248
2589
-54
-2208
-176
153
-1507
-2287
1594
3535
1176
-3020
-1604
2958
2617
-2907
-5127
-346
4608
2654
-2337
-2663
1360
2455
-828
-3448
-526
2331
1153
-838
463
1670
-581
-2834
-1084
2396
2211
-2237
-2215
2472
4592
339
-5295
-2843
2342
3221
-1193
-3427
759
3675
905
-2467
-1671
568
881
-1450
584
2615
783
-2008
-2289
1664
2198
-1921
-4358
-278
5334
2921
-2998
-3424
1206
3759
-476
-4386
-2121
2665
1887
-243
-1012
511
329
-2404
-1384
1408
2463
-770
-2334
1567
4051
-8
-4942
-3362
2600
3772
-1082
-4225
766
4370
1935
-2712
-3152
424
1835
-125
-1020
1677
2112
-542
-2225
558
1743
-1222
-3433
-58
4945
3360
-2586
-4012
511
4165
-81
-4534
-2352
2890
3592
-431
-2513
-354
715
-1067
-2186
423
1614
489
-1293
758
3318
576
-3755
-3780
2141
4487
-719
-3984
-223
4336
2897
-3263
-4584
6
2888
-319
-1628
325
2052
771
-1686
-1010
1246
-39
-2819
-744
4079
3312
-1801
-4351
115
3874
456
-4514
-3264
3603
4288
-56
-4029
-1400
2132
551
-2436
-1343
1586
1706
-665
82
1890
585
-2664
-2944
1185
3720
-217
-3583
-456
4061
2766
-3564
-4889
-147
3700
1435
-2457
-586
2705
2156
-1628
-1903
270
773
-1053
-568
2326
2675
-793
-3572
-575
3417
692
-4348
-2896
3055
5590
-166
-4799
-1943
2582
1897
-2395
-2333
738
2302
517
-1244
770
363
-1891
-2952
459
3813
1175
-2933
-369
3938
2924
-3124
-5658
-299
4376
2100
-2680
-2458
2768
3403
-1225
-3157
-817
1525
50
-923
1189
2629
-570
-2662
-1079
2424
1023
-3323
-2839
2696
5656
976
-4998
-2436
2915
2232
-2163
-3031
842
3938
1654
-1812
-1065
592
-278
-1987
-509
2773
1517
-1474
-1237
2249
2727
-2622
-5540
-812
4598
3044
-2946
-2947
1920
3785
-716
-4308
-2189
2134
1980
-415
203
1717
1025
-1314
-1679
937
1063
-1965
-1923
2484
4969
1063
-4181
-3374
2107
3365
-1735
-4150
858
4424
2047
-2462
-2800
344
702
-1443
-1103
1466
2154
-160
-849
1207
2166
-2077
-4241
-1343
4074
3225
-2174
-3125
2074
3876
-620
-5170
-2545
2670
2767
-260
-1920
719
1752
-550
-2055
-342
1213
-1031
-1697
1414
4187
1409
-3447
-2976
1993
3258
-1603
-4217
196
4981
3137
-2284
-3807
-320
2112
68
-2045
428
2034
928
-1185
-286
1357
-758
-2830
-1644
3519
3062
-2210
-3298
1086
4290
-268
-4846
-3685
2334
4467
297
-2689
218
2739
678
-1988
-2236
839
842
-814
-160
2984
1338
-2582
-3667
732
3268
-392
-4178
-284
4663
3512
-2616
-4669
157
3413
780
-2936
-1432
2746
2024
-556
-1234
551
-277
-1909
-1517
2093
2940
-1089
-3044
658
3677
677
-5000
-4032
2478
4720
495
-3327
-764
2971
1718
-3082
-3040
707
1801
407
-17
1427
1434
-1435
-3023
416
2759
-342
-3617
-705
4658
3595
-2291
-5049
-799
3813
1039
-3011
-2286
2564
3849
-107
-2809
-845
854
-594
-1806
504
2321
55
-2608
-170
2575
738
-4203
-3764
2583
5114
633
-3406
-1740
3509
2422
-3028
-4008
-46
3009
1783
-1355
27
1436
144
-2353
-563
1773
118
-2180
-819
3403
3538
-1658
-5109
-1099
3694
1530
-2839
-2591
3114
4739
-85
-3533
-1695
960
839
-976
-700
2394
1572
-1684
-1493
1852
1159
-3010
-3155
2058
5024
1251
-3578
-2091
2847
3385
-2514
-4845
-105
4634
2398
-1076
-1353
1459
603
-1577
-1702
-18
1134
-1100
-418
2149
3436
-1653
-4824
-1596
3331
2355
-2925
-3144
1778
5123
824
-4220
-2721
1829
2437
-1206
-1649
1949
2687
-232
-1270
-19
331
-1867
-2498
1371
4189
1455
-3326
-1874
2836
2739
-2302
-4577
-471
4918
2638
-2364
-2563
793
1909
-615
-3027
-1026
1723
314
-466
1041
2466
-298
-4085
-1500
2154
2603
-1968
-2665
2379
5031
962
-4872
-3579
1818
3394
-1109
-2471
1013
3296
866
-2023
-2061
70
-819
-1472
424
3655
1714
-1876
-2358
1976
2770
-1776
-4665
-796
4900
3979
-2155
-3360
866
3145
-317
-3742
-1027
2225
2000
-429
-194
1363
-36
-2525
-2074
1810
2441
-1294
-2413
1118
4655
638
-4640
-4053
2120
3813
-174
-3530
-73
3879
2048
-1951
-2995
444
931
-728
-791
1895
2428
-1091
-2268
602
2464
-1531
-4219
-1042
4845
3882
-2108
-4151
407
3972
533
-4534
-2626
2401
3214
253
-1651
-31
1146
-1305
-2038
144
1765
-162
-1484
800
3328
1201
-3851
-3881
1668
4061
836
-3714
-640
3988
2868
-2799
-3882
-549
3008
170
-1279
329
2045
231
-1982
-218
955
-371
-3325
-1082
3981
3666
-2001
-4081
-524
3883
1563
-4084
-3366
2555
4580
638
-2625
-987
1349
-425
-2081
-833
1575
1164
-1132
-10
2329
1030
-3314
-3414
1284
4645
469
-4118
-1474
3827
3477
-2731
-4986
-979
3262
1343
-1612
-569
1665
1425
-995
-1745
860
-183
-2068
-1061
2375
3729
-395
-4180
-511
3338
690
-3741
-3510
2778
5109
874
-3382
-2124
2234
1194
-1784
-2297
1021
2374
686
-228
1181
1172
-2071
-3136
451
3786
1211
-2815
-1414
3879
3527
-2608
-5193
-1366
3385
2914
-1707
-2419
1985
2692
-651
-2945
-625
359
196
-431
1357
2837
-288
-3251
-1044
2516
1361
-2519
-4064
1969
5589
1607
-4167
-2961
1703
2914
-1761
-3294
849
3212
1010
-1480
-818
571
-1328
-2622
-211
2606
1533
-1504
-1670
2473
3135
-2233
-5467
-1715
4041
3074
-2174
-3195
1652
3302
-290
-3873
-2219
911
1875
-413
41
2075
630
-2535
-1600
1299
1717
-1613
-2965
1268
5105
1396
-4226
-2905
1573
3056
-1210
-3804
-89
3908
2362
-1757
-1493
425
801
-1979
-1132
2128
1923
-734
-1394
1748
2827
-1077
-5057
-2090
3849
3533
-1636
-3778
1431
4149
245
-4202
-3175
2032
2884
162
-1274
1250
1448
-1111
-1818
72
1239
-1120
-2470
1156
4515
1540
-3821
-3929
1783
3531
-1073
-4817
-343
4280
3411
-1759
-3040
-290
1706
-132
-1602
88
2293
191
-1149
896
2051
-852
-4082
-2060
3432
3195
-1167
-3549
759
4302
865
-4597
-4099
1866
4006
651
-1656
-67
1946
257
-2256
-1548
1344
-91
-1191
555
3252
1776
-2930
-3746
1087
3420
-134
-4467
-945
4081
3940
-1975
-4514
-882
2302
532
-2327
-698
2186
2141
-668
-131
827
-351
-2779
-1914
2272
3234
-243
-3532
-94
3584
915
-4383
-3993
1638
4707
1161
-3233
-899
2993
1208
-2250
-3145
385
1432
-498
-33
2234
1482
-2254
-3269
411
3324
-506
-3494
-1586
4107
3971
-1843
-5559
-965
3387
1948
-2454
-1725
2453
3126
234
-2181
-641
729
-1547
-1354
1115
3106
-167
-3160
-360
3481
847
-4180
-4736
1433
4913
1342
-3547
-1680
3015
2215
-2057
-3783
147
2471
1106
-918
642
1904
-815
-3238
-839
1976
588
-2708
-1210
3491
3829
-1644
-5041
-1713
3179
1763
-3171
-2521
1935
4401
359
-3184
-1882
1087
529
-1100
282
1987
980
-1839
-1137
1734
1185
-2890
-3756
1205
5419
2252
-3365
-3225
3288
3567
-2063
-4653
-658
3724
2598
-973
-658
1355
507
-1867
-1498
1051
805
-1661
-945
2337
4190
-738
-5145
-1665
3209
2569
-2454
-3292
1511
5003
806
-4214
-2930
1540
1811
-1001
-887
1636
2126
-234
-1288
498
791
-2048
-3064
1069
4972
1335
-3090
-3118
2386
3231
-1838
-4929
-1100
4227
2997
-886
-2402
739
2256
-271
-2359
-428
1882
188
-1041
1527
2336
-764
-3888
-1705
3210
2595
-2177
-3824
1678
5097
1427
-4393
-3929
1050
3211
-743
-2643
662
2834
646
-1705
-492
809
-621
-1999
631
3893
2079
-2618
-2882
1808
3256
-1281
-5036
-1133
4590
4076
-1441
-3396
728
2701
-296
-2938
-1700
1603
1304
-467
280
1501
177
-3303
-2325
1499
2716
-718
-3484
976
4802
1666
-4018
-3998
1201
3891
163
-2802
-247
3285
2141
-1615
-1919
-188
276
-1831
-444
2156
2008
-1598
-2421
855
3222
-1049
-5092
-2055
4097
4417
-989
-4207
-280
3568
790
-3481
-2653
1982
3154
-106
-1203
69
1285
-1375
-2100
999
2661
-673
-2149
586
4209
1636
-4128
-4810
626
4821
560
-3114
-550
3590
3299
-2120
-4307
-563
1573
448
-1225
931
2396
318
-2357
-361
2101
289
-3765
-1866
3467
4496
-864
-5289
-441
3861
958
-4255
-3452
2261
4206
930
-2383
-602
910
9
-2002
-369
1730
657
-1740
-275
3109
1282
-2915
-4662
391
4417
1626
-3309
-2173
3781
3368
-2179
-4452
-1203
2445
1395
-1036
-480
1656
1272
-1425
-1304
752
260
-2257
-2024
2791
3678
42
-4186
-1139
3591
2100
-3049
-3652
2069
5723
1561
-3213
-1744
1342
984
-1896
-2325
1243
2196
-727
-161
2328
1051
-2386
-3977
536
4404
1490
-2994
-2159
3356
3986
-1903
-5082
-1683
3385
2634
-1264
-1861
1949
1848
-1016
-1976
120
1010
-766
-1567
2173
4123
-130
-3848
-1844
3142
2203
-3094
-3433
1418
5144
2329
-3759
-3246
1677
2084
-1167
-2544
346
2395
1312
-856
328
588
-1423
-2944
-78
2911
2394
-2316
-2037
2784
3670
-1322
-5451
-2036
4449
3283
-1572
-2369
576
3554
452
-3348
-1677
942
763
-818
408
2583
658
-2577
-2390
1707
1874
-2160
-3511
900
5380
2615
-3665
-3593
1246
3451
-866
-3542
-677
3623
2592
-1394
-1335
615
-311
-2044
-774
2289
1677
-870
-2025
1945
3346
-1068
-4881
-2380
3727
4041
-1581
-3524
426
4062
715
-3894
-3555
1549
1777
-358
-310
1304
1117
-1660
-2021
488
1578
-1486
-3226
427
5372
2357
-3341
-4338
1407
3479
-150
-3979
-1452
3693
3335
-1434
-2506
-122
919
-1041
-1221
458
1860
133
-1165
495
2484
-328
-4456
-2367
3131
4493
-500
-4116
13
4187
1321
-3782
-4400
1386
3060
845
-2046
372
2055
-134
-2422
-1197
1259
96
-2186
488
4162
2577
-2873
-3524
777
3930
-242
-3776
-1463
3896
4005
-1078
-4078
-687
1971
884
-2193
-703
2215
1292
-991
-83
1573
-133
-3426
-2480
2646
4067
72
-3890
-169
3734
1717
-3991
-4499
1498
4279
954
-2364
-660
2113
942
-2546
-2103
539
1366
-481
-141
2697
1771
-2160
-3859
-317
3894
670
-3527
-2225
3859
4666
-1267
-5591
-1787
2550
1986
-2297
-1671
2043
2892
-135
-1239
671
163
-2157
-2257
2027
3438
342
-2911
-1619
3155
1479
-3608
-4944
824
4821
1742
-3194
-1482
2314
2349
-2059
-3066
99
2189
614
-340
428
2286
-944
-3197
-580
2561
1443
-2934
-1772
3779
4529
-1212
-5165
-1707
3013
2851
-2273
-2790
1474
4002
634
-2749
-1191
681
-69
-1579
451
2904
831
-2301
-1293
2863
1742
-2718
-4419
1051
4680
2150
-3171
-2588
1927
3254
-1178
-4483
-1166
2734
2468
-818
-743
703
117
-2311
-1449
1262
1296
-1707
-1752
1998
3813
-819
-5231
-2310
2529
2815
-1866
-3182
1122
4390
1561
-2802
-2571
384
1077
-854
-528
1743
1828
-732
-1204
1404
1699
-1912
-4336
346
4376
2436
-2957
-3297
1982
3948
-1604
-4519
-2264
3230
3381
-594
-2199
808
1011
-682
-2267
330
1246
-83
-1345
1690
3337
243
-4133
-2680
3015
3169
-1387
-3201
920
4826
1943
-3579
-3787
963
3036
-646
-1696
650
2157
292
-1384
-653
1087
-1229
-3331
-157
3978
2556
-2584
-3342
712
4031
-700
-4991
-1998
3756
3658
-1444
-3400
-174
2127
-264
-2363
-2084
1506
931
-583
510
1767
168
-3498
-2715
1733
3639
-1264
-3675
109
4806
2221
-3969
-4436
864
3329
524
-2582
-341
2999
1436
-2189
-1962
-158
-26
-1489
-344
3119
3192
-965
-3224
1072
3861
-342
-4941
